,City,Cloudiness,Country,Date,Humidity,Lat,Lng,Max Temp,Wind Speed
0,Isangel,90,VU,1575498604,70,-19.55,169.27,84.2,5.82
1,Mezhdurechensk,0,RU,1575498605,91,53.69,88.07,18.57,2.82
2,Yulara,0,AU,1575498606,12,-25.24,130.99,78.8,10.29
3,Faanui,68,PF,1575498607,72,-16.48,-151.75,82.96,9.53
4,Ushuaia,40,AR,1575498541,66,-54.81,-68.31,53.6,32.21
5,Bluff,0,AU,1575498610,41,-23.58,149.07,88.72,8.05
6,Tiksi,100,RU,1575498611,100,71.64,128.87,-30.19,3.04
7,Ribeira Grande,75,PT,1575498612,77,38.52,-28.7,60.8,3.36
8,Puerto Ayora,20,EC,1575498613,61,-0.74,-90.35,80.6,6.93
9,Port Elizabeth,90,US,1575498614,80,39.31,-74.98,45.0,3.36
10,Troitskoye,6,RU,1575498615,83,52.98,84.68,21.51,6.87
11,Venice,1,US,1575498616,59,27.1,-82.45,69.01,6.93
12,Vaini,56,IN,1575498617,86,15.34,74.49,64.96,9.44
13,Barrow,83,AR,1575498618,78,-38.31,-60.23,50.36,9.26
14,Port Blair,40,IN,1575498619,74,11.67,92.75,80.6,6.93
15,Atuona,9,PF,1575498621,66,-9.8,-139.03,80.29,10.07
16,Palora,75,EC,1575498622,61,-1.7,-77.97,80.6,5.82
17,Husavik,70,CA,1575498623,87,50.56,-96.99,28.0,3.4
18,Kavkazskiy,14,RU,1575498624,73,45.73,39.01,30.78,3.98
19,Kuruman,100,ZA,1575498625,56,-27.46,23.43,66.99,14.81
20,Cape Town,0,ZA,1575498626,55,-33.93,18.42,64.99,8.05
21,Huangnihe,0,CN,1575498627,77,43.56,128.02,-6.88,9.08
22,Baglung,52,NP,1575498628,14,28.27,83.59,38.71,5.03
23,Motala,86,IN,1575498629,64,20.68,76.21,67.14,6.82
24,Gorontalo,100,ID,1575498630,68,0.54,123.06,82.96,1.16
25,Airai,94,TL,1575498631,49,-8.93,125.41,80.38,1.25
26,Bulungu,100,CD,1575498632,97,-4.54,18.6,69.55,1.36
27,Rikitea,96,PF,1575498634,75,-23.12,-134.97,79.5,2.71
28,Torbay,90,CA,1575498635,86,47.66,-52.73,43.0,25.28
29,Karoi,26,ZW,1575498636,58,-16.82,29.68,69.58,6.96
30,Zwickau,0,DE,1575498637,92,50.72,12.49,35.01,3.36
31,Saint Anthony,1,US,1575498638,64,43.97,-111.68,39.2,3.36
32,Conceicao da Barra,100,BR,1575498639,82,-18.59,-39.73,77.04,15.79
33,Brae,89,GB,1575498640,75,60.4,-1.35,46.4,34.45
34,Qaanaaq,35,GL,1575498641,73,77.48,-69.36,-5.06,4.68
35,Lakes Entrance,1,AU,1575498642,31,-37.88,147.99,73.0,13.0
36,Punta Arenas,40,CL,1575498643,50,-53.16,-70.91,53.6,34.45
37,Dikson,100,RU,1575498644,96,73.51,80.55,-5.6,8.28
38,Hithadhoo,92,MV,1575498635,77,-0.6,73.08,82.76,8.93
39,Kohlu,0,PK,1575498647,36,29.9,69.25,44.33,3.0
40,Moreira Sales,20,BR,1575498648,84,-24.05,-53.01,74.57,4.41
41,Katangli,100,RU,1575498649,83,51.71,143.23,4.33,13.6
42,Mahebourg,20,MU,1575498650,88,-20.41,57.7,75.99,5.82
43,Tasiilaq,0,GL,1575498651,62,65.61,-37.64,21.2,9.17
44,Khatanga,0,RU,1575498652,81,71.98,102.47,-27.83,9.89
45,Iqaluit,90,CA,1575498653,72,63.75,-68.52,14.0,6.93
46,Saint-Augustin,90,CA,1575498654,99,45.63,-73.98,33.01,3.36
47,Namibe,55,AO,1575498655,81,-15.19,12.15,72.14,4.65
48,Albany,90,US,1575498522,96,42.65,-73.75,34.0,2.53
49,Lubao,99,CD,1575498658,98,-5.39,25.75,66.31,1.63
50,Newberg,1,US,1575498378,75,45.3,-122.97,52.0,0.85
51,Souillac,89,FR,1575498660,81,45.6,-0.6,42.8,9.17
52,Beira,40,ES,1575498661,81,43.2,-8.36,51.01,1.12
53,Mataura,99,NZ,1575498662,74,-46.19,168.86,57.0,10.0
54,Norman Wells,75,CA,1575498663,74,65.28,-126.83,-22.0,4.7
55,San Patricio,85,PY,1575498664,62,-26.98,-56.83,75.02,9.4
56,Plouzane,75,FR,1575498666,93,48.38,-4.62,39.99,3.36
57,Avarua,0,CK,1575498600,74,-21.21,-159.78,82.4,16.11
58,Pucallpa,75,PE,1575498655,100,-8.38,-74.54,35.6,4.7
59,Hilo,90,US,1575498669,73,19.71,-155.08,77.0,3.36
60,Victoria,75,BN,1575498670,94,5.28,115.24,77.0,9.98
61,Hermanus,0,ZA,1575498671,72,-34.42,19.24,64.0,11.01
62,Yekaterinovka,0,RU,1575498672,72,46.69,38.75,29.97,5.88
63,Marsala,40,IT,1575498673,87,37.8,12.44,60.01,16.11
64,Pa Sang,40,TH,1575498674,88,18.53,98.94,66.2,1.12
65,Kundiawa,40,PG,1575498675,68,-6.02,144.97,69.39,2.3
66,Tomatlan,0,MX,1575498676,82,19.93,-105.25,75.47,3.58
67,Aquiraz,20,BR,1575498678,69,-3.9,-38.39,82.4,8.05
68,Kapaa,40,US,1575498679,74,22.08,-159.32,80.6,14.99
69,Sisophon,83,KH,1575498680,72,13.59,102.97,60.76,4.52
70,Arraial do Cabo,40,BR,1575498681,69,-22.97,-42.02,77.0,28.86
71,Jamestown,1,AU,1575498682,10,-33.21,138.6,78.62,11.68
72,Eureka,90,US,1575498683,81,40.8,-124.16,55.99,1.23
73,Angoche,67,MZ,1575498684,85,-16.23,39.91,78.64,4.07
74,Carutapera,60,BR,1575498685,76,-1.2,-46.02,82.29,16.4
75,Kutum,0,SD,1575498686,28,14.2,24.66,58.17,4.56
76,Dwarka,20,IN,1575498687,81,28.58,77.04,69.01,0.98
77,Pozhva,98,RU,1575498688,95,59.09,56.08,10.29,4.56
78,Atoyac,5,MX,1575498690,69,18.92,-96.78,80.6,8.05
79,Lebu,86,ET,1575498691,94,8.96,38.73,50.67,1.72
80,Mikkeli,97,FI,1575498692,93,61.69,27.27,35.6,3.36
81,Mangan,0,IN,1575498693,16,27.5,88.54,40.91,5.84
82,Grand Gaube,20,MU,1575498694,88,-20.01,57.66,75.99,5.82
83,Tilichiki,100,RU,1575498695,90,60.47,166.1,24.82,6.58
84,Ormara,70,PK,1575498696,44,25.21,64.64,77.5,6.71
85,Narrabri,0,AU,1575498697,20,-30.33,149.78,77.0,13.87
86,Komsomolskiy,55,RU,1575498698,82,67.55,63.78,2.05,3.87
87,Kabalo,97,CD,1575498699,98,-6.05,26.92,66.76,1.45
88,Castro,98,CL,1575498700,63,-42.48,-73.76,60.8,10.29
89,The Valley,20,AI,1575498701,74,18.22,-63.06,82.4,11.41
90,Port Alfred,76,ZA,1575498703,75,-33.59,26.89,63.0,1.99
91,Hofn,32,IS,1575498704,55,64.25,-15.21,36.95,24.34
92,Altay,97,CN,1575498705,40,47.83,88.13,22.06,4.83
93,Morondava,0,MG,1575498706,44,-20.3,44.28,76.05,4.43
94,Tulum,40,MX,1575498707,65,20.21,-87.46,78.8,5.82
95,Carnarvon,0,ZA,1575498708,44,-30.97,22.13,52.36,20.51
96,Buala,71,SB,1575498709,74,-8.15,159.59,84.0,6.22
97,Poum,0,MK,1575498710,87,41.28,20.71,25.99,5.86
98,Manbij,75,SY,1575498712,66,36.53,37.96,48.2,3.91
99,Mount Gambier,90,AU,1575498566,100,-37.83,140.78,53.6,9.17
100,Shache,73,CN,1575498714,77,38.42,77.24,21.76,1.97
101,Matamoros,75,US,1575498715,69,25.87,-97.51,80.6,10.29
102,Port Hardy,20,CA,1575498611,75,50.7,-127.42,42.8,2.24
103,Esperance,90,AU,1575498717,93,-33.86,121.89,59.0,8.05
104,Corinto,75,CO,1575498718,61,3.17,-76.26,80.6,14.99
105,Casas Grandes,100,MX,1575498719,50,30.15,-110.24,60.87,2.66
106,Saskylakh,10,RU,1575498720,99,71.97,114.09,-39.41,3.27
107,Luderitz,0,NA,1575498721,62,-26.65,15.16,87.8,9.17
108,Dalnerechensk,92,RU,1575498722,83,45.93,133.72,-3.15,7.87
109,Cherskiy,77,RU,1575498723,86,68.75,161.3,-7.83,3.65
110,Naze,40,NG,1575498725,88,5.43,7.07,77.0,4.05
111,Busselton,0,AU,1575498726,90,-33.64,115.35,59.0,9.08
112,Dunedin,44,NZ,1575498614,66,-45.87,170.5,54.84,10.58
113,Saint-Philippe,90,CA,1575498728,99,45.36,-73.48,35.6,2.24
114,Fort Morgan,1,US,1575498729,52,40.25,-103.8,48.2,6.46
115,Ahipara,20,NZ,1575498730,90,-35.17,173.16,66.15,7.4
116,Yar-Sale,96,RU,1575498731,95,66.83,70.83,2.35,9.31
117,Channel-Port aux Basques,100,CA,1575498732,84,47.57,-59.14,34.34,22.53
118,Yenagoa,80,NG,1575498733,90,4.92,6.26,77.72,2.1
119,Nanortalik,100,GL,1575498734,39,60.14,-45.24,24.31,9.57
120,Jutai,68,BR,1575498735,93,-1.71,-47.89,75.7,4.85
121,Basco,1,US,1575498737,76,40.33,-91.2,51.8,8.05
122,Brejo,90,BR,1575498738,75,-3.68,-42.75,78.57,6.29
123,Sinnamary,48,GF,1575498739,80,5.38,-52.96,80.94,17.87
124,Pitkyaranta,43,RU,1575498740,90,61.57,31.48,37.11,12.59
125,La Ronge,90,CA,1575498741,78,55.1,-105.3,14.0,9.17
126,Thompson,90,CA,1575498742,92,55.74,-97.86,12.2,3.36
127,Merauke,43,ID,1575498743,50,-8.49,140.4,93.96,1.34
128,Aksarka,100,RU,1575498744,96,66.56,67.8,5.07,6.22
129,Tirlyanskiy,99,RU,1575498745,97,54.22,58.58,9.73,4.0
130,Hibbing,90,US,1575498740,69,47.43,-92.94,33.8,5.82
131,Vostok,100,RU,1575498748,93,46.45,135.83,-9.83,4.29
132,Mega,31,ET,1575498749,78,4.06,38.32,64.81,4.05
133,Hobart,75,AU,1575498750,44,-42.88,147.33,59.0,19.46
134,Klaksvik,100,FO,1575498751,63,62.23,-6.59,39.2,16.11
135,Cacheu,54,GW,1575498752,69,12.27,-16.16,77.0,4.7
136,Shirokiy,100,RU,1575498753,92,53.87,39.17,31.64,17.56
137,Rawson,57,AR,1575498754,60,-43.3,-65.11,57.58,17.13
138,New Norfolk,75,AU,1575498755,44,-42.78,147.06,59.0,19.46
139,Ranong,20,TH,1575498756,69,9.96,98.62,78.8,9.17
140,Senno,69,RU,1575498758,86,57.76,27.95,41.0,8.95
141,Hay River,75,CA,1575498759,76,60.82,-115.79,-4.0,8.05
142,Christchurch,87,NZ,1575498600,35,-43.53,172.64,69.8,11.41
143,Portland,75,US,1575498578,74,43.66,-70.25,33.01,12.26
144,Izobilnyy,75,RU,1575498762,92,45.37,41.71,24.01,4.47
145,Scarborough,66,GB,1575498607,87,54.28,-0.41,44.01,11.41
146,Svetlaya,99,RU,1575498764,63,46.54,138.33,11.98,12.62
147,Jaisinghnagar,96,IN,1575498765,37,23.63,78.57,54.93,4.68
148,Viedma,10,AR,1575498766,68,-40.81,-62.99,54.18,6.55
149,Zalantun,0,CN,1575498767,74,48.0,122.72,-12.46,8.39
150,Guerrero Negro,71,MX,1575498768,44,27.97,-114.04,72.0,6.13
151,Novobirilyussy,15,RU,1575498770,97,56.95,90.69,4.8,3.83
152,Bathsheba,40,BB,1575498771,74,13.22,-59.52,82.4,20.8
153,Bandarbeyla,100,SO,1575498772,79,9.49,50.81,80.01,28.07
154,Ambilobe,76,MG,1575498773,81,-13.19,49.05,75.34,6.38
155,Kloulklubed,75,PW,1575498774,88,7.04,134.26,78.8,3.36
156,Dhidhdhoo,100,MV,1575498775,86,6.88,73.1,79.63,17.09
157,Dongli,20,CN,1575498776,44,24.18,117.61,57.2,17.9
158,Massakory,39,TD,1575498777,15,13.0,15.73,73.22,8.57
159,Sibu,75,MY,1575498778,94,2.29,111.83,77.0,1.12
160,Yerbogachen,100,RU,1575498779,94,61.28,108.01,1.02,11.3
161,Enumclaw,90,US,1575498781,76,47.2,-121.99,51.8,3.36
162,Kilindoni,99,TZ,1575498782,71,-7.91,39.67,83.41,4.94
163,Gulu,73,UG,1575498783,85,2.77,32.3,66.43,3.69
164,Pisco,1,PE,1575498784,30,-13.71,-76.2,71.6,16.11
165,Benicarlo,98,ES,1575498785,90,40.42,0.43,48.99,14.0
166,Alofi,40,NU,1575498589,69,-19.06,-169.92,82.4,8.05
167,Lavrentiya,80,RU,1575498787,81,65.58,-170.99,14.67,16.37
168,Kamaishi,0,JP,1575498788,43,39.28,141.86,36.23,7.9
169,Kaitangata,69,NZ,1575498789,46,-46.28,169.85,64.0,5.99
170,Yarmouth,75,CA,1575498791,80,43.84,-66.12,35.6,2.24
171,Ponta do Sol,100,BR,1575498792,96,-20.63,-46.0,68.4,8.81
172,Sorland,75,NO,1575498793,93,67.67,12.69,42.8,20.8
173,Libenge,23,CD,1575498794,70,3.65,18.64,73.65,1.48
174,Yellowknife,75,CA,1575498611,68,62.45,-114.38,-20.2,6.93
175,Provideniya,75,RU,1575498793,67,64.42,-173.23,17.6,22.37
176,Isiro,9,CD,1575498797,98,2.77,27.62,65.3,2.04
177,East London,99,ZA,1575498798,56,-33.02,27.91,63.57,3.51
178,Lata,62,IN,1575498799,7,30.78,78.62,22.39,6.31
179,Zhezkazgan,51,KZ,1575498801,93,47.8,67.71,30.43,6.96
180,Chokurdakh,100,RU,1575498802,92,70.62,147.9,-11.36,11.63
181,Bethel,1,US,1575498803,77,60.79,-161.76,3.2,5.82
182,Kavaratti,95,IN,1575498727,74,10.57,72.64,83.26,9.86
183,Tuktoyaktuk,75,CA,1575498724,77,69.44,-133.03,-2.2,23.04
184,Calvinia,0,ZA,1575498806,38,-31.47,19.78,52.54,11.14
185,Erzin,75,TR,1575498807,93,36.95,36.2,53.6,2.24
186,Madimba,75,CM,1575498808,88,4.42,9.93,82.4,0.92
187,Iquitos,75,PE,1575498809,70,-3.75,-73.25,86.0,8.05
188,Chabahar,0,IR,1575498811,59,25.29,60.65,68.65,6.67
189,Gornopravdinsk,100,RU,1575498812,92,60.06,69.92,13.73,8.59
190,Gisborne,0,NZ,1575498807,23,-38.66,178.02,80.62,9.13
191,Kieta,97,PG,1575498814,70,-6.22,155.63,83.97,0.47
192,Bell Ville,0,AR,1575498815,35,-32.63,-62.69,65.93,8.84
193,Geraldton,90,CA,1575498816,78,49.72,-86.95,14.0,8.05
194,Katsuura,75,JP,1575498785,70,33.93,134.5,48.0,10.29
195,Umuarama,12,BR,1575498819,75,-23.76,-53.31,78.04,4.63
196,Maceio,20,BR,1575498740,83,-9.67,-35.74,77.0,5.82
197,Nha Trang,75,VN,1575498821,69,12.24,109.19,77.0,16.11
198,Madison,75,US,1575498601,60,43.07,-89.38,42.01,10.29
199,Timizart,23,DZ,1575498823,63,36.8,4.25,60.84,14.79
200,Fairbanks,90,US,1575498732,76,64.84,-147.72,-4.0,2.04
201,Fare,45,PF,1575498825,70,-16.7,-151.02,83.44,9.15
202,Jacareacanga,30,BR,1575498826,79,-6.22,-57.76,86.0,3.36
203,Fort Nelson,90,CA,1575498827,85,58.81,-122.69,10.4,2.24
204,San Cristobal,88,HN,1575498766,82,14.68,-86.92,66.67,2.01
205,San Rafael,0,AR,1575498831,28,-34.61,-68.33,66.56,7.99
206,Gumdag,98,TM,1575498832,82,39.2,54.59,46.99,15.59
207,Xuddur,73,SO,1575498833,81,4.12,43.89,70.25,7.38
208,Saint-Denis,90,FR,1575498834,92,48.94,2.36,33.01,3.36
209,Twin Falls,40,US,1575498835,93,42.57,-114.46,42.8,12.75
210,Vrangel,0,RU,1575498837,88,42.73,133.08,12.52,29.77
211,Lompoc,75,US,1575498838,87,34.64,-120.46,62.6,6.93
212,Ust-Maya,76,RU,1575498839,99,60.42,134.54,-40.92,2.98
213,Te Anau,100,NZ,1575498815,84,-45.41,167.72,45.84,8.68
214,Nantucket,90,US,1575498841,80,41.28,-70.1,37.99,14.97
215,Ancud,90,CL,1575498842,63,-41.87,-73.83,60.8,10.29
216,San Jose,20,HN,1575498786,57,14.25,-87.96,80.6,14.99
217,Miranda,14,BR,1575498844,57,-20.24,-56.38,85.1,5.03
218,Mukhen,99,RU,1575498845,82,48.19,136.14,-3.44,8.84
219,Khandyga,88,RU,1575498847,97,62.65,135.58,-42.07,4.0
220,Beringovskiy,100,RU,1575498848,85,63.05,179.32,25.29,34.94
221,Benguela,84,AO,1575498849,78,-12.58,13.4,75.34,1.61
222,Cidreira,61,BR,1575498794,89,-30.17,-50.22,71.53,15.17
223,Bredasdorp,4,ZA,1575498851,55,-34.53,20.04,64.4,17.22
224,Haines Junction,100,CA,1575498852,98,60.75,-137.51,-2.6,3.96
225,Marienburg,0,DE,1575498853,100,52.12,9.98,33.8,1.12
226,Boende,94,CD,1575498854,94,-0.28,20.88,70.77,2.28
227,Grafton,0,AU,1575498855,44,-29.69,152.93,77.0,3.36
228,Road Town,20,VG,1575498856,78,18.42,-64.62,82.4,5.82
229,Saint George,90,GR,1575498858,87,39.45,22.34,44.6,5.82
230,Butte,1,US,1575498859,68,46.01,-112.54,28.4,3.36
231,Hasaki,20,JP,1575498749,80,35.73,140.83,35.6,1.12
232,Chuy,100,UY,1575498861,81,-33.69,-53.46,67.01,7.83
233,Ambulu,46,ID,1575498862,79,-8.35,113.61,80.67,4.92
234,Laguna,90,BZ,1575498863,100,16.17,-88.94,73.4,4.7
235,Kruisfontein,11,ZA,1575498732,85,-34.0,24.73,51.67,7.45
236,Taoudenni,0,ML,1575498866,32,22.68,-3.98,60.53,4.41
237,College,90,US,1575498867,76,64.86,-147.8,-4.0,1.92
238,Topolobampo,40,MX,1575498868,54,25.6,-109.05,82.99,13.87
239,Sechura,40,PE,1575498869,87,-5.56,-80.82,70.0,12.71
240,Nikolskoye,75,RU,1575498870,86,59.7,30.79,39.99,13.42
241,Hamilton,90,CA,1575498818,86,43.26,-79.87,37.4,12.75
242,Broken Hill,0,AU,1575498872,13,-31.97,141.45,75.2,9.17
243,Lazaro Cardenas,75,MX,1575498843,34,28.39,-105.62,64.4,12.75
244,Deputatskiy,99,RU,1575498874,100,69.3,139.9,-20.15,2.21
245,Zaltan,0,LY,1575498875,56,32.95,11.87,64.18,6.44
246,Sarahan,32,IN,1575498876,24,31.51,77.79,17.96,13.91
247,Ciudad Guayana,65,VE,1575498877,93,8.32,-62.69,74.61,5.26
248,Mecca,0,SA,1575498878,62,21.43,39.83,73.49,0.74
249,Teguise,40,ES,1575498880,72,29.06,-13.56,66.2,5.82
250,Abaza,0,RU,1575498881,78,52.65,90.1,13.08,3.85
251,Butaritari,59,KI,1575498883,74,3.07,172.79,85.17,9.46
252,Bahia Honda,81,CU,1575498884,61,22.9,-83.16,72.32,4.72
253,Georgetown,20,GY,1575498696,83,6.8,-58.16,84.2,6.93
254,Saint-Pierre,0,FR,1575498886,92,48.95,4.24,30.2,2.24
255,Sayyan,0,YE,1575498887,57,15.17,44.32,47.55,4.81
256,Quang Ngai,100,VN,1575498888,75,15.12,108.8,69.03,24.7
257,Millbrook,1,US,1575498889,70,32.48,-86.36,62.6,4.7
258,Gunjur,19,GM,1575498891,83,13.18,-16.76,75.2,3.36
259,Fayaoue,70,NC,1575498892,77,-20.65,166.53,77.09,8.93
260,Bandiagara,0,ML,1575498893,44,14.35,-3.61,77.0,4.7
261,Sopelana,75,ES,1575498894,93,43.38,-2.98,54.0,2.24
262,Riyadh,0,SA,1575498895,58,24.63,46.72,57.2,3.36
263,Itaueira,82,BR,1575498896,72,-7.6,-43.03,77.36,2.93
264,Diffa,34,NE,1575498898,19,13.32,12.61,70.39,8.46
265,Voi,53,KE,1575498899,80,-3.4,38.57,69.06,3.56
266,Carauari,97,BR,1575498900,97,-4.88,-66.9,75.83,2.84
267,Savannah Bight,29,HN,1575498901,70,16.45,-85.85,80.35,14.61
268,Nhulunbuy,51,AU,1575498902,83,-12.18,136.78,80.6,6.93
269,Zinder,4,NE,1575498903,25,13.81,8.99,73.4,4.7
270,Kargasok,99,RU,1575498904,95,59.06,80.87,8.17,10.85
271,Lantana,75,US,1575498905,42,26.19,-97.58,82.4,4.7
272,Weihe,57,CN,1575498906,77,32.99,105.33,31.5,1.54
273,Clyde River,75,CA,1575498770,83,70.47,-68.59,-13.0,10.29
274,Mogadishu,40,SO,1575498840,80,2.04,45.34,80.67,8.28
275,Kulhudhuffushi,100,MV,1575498896,88,6.62,73.07,79.75,23.09
276,Chicama,20,PE,1575498911,82,-7.84,-79.15,68.0,9.17
277,Sitka,87,US,1575498912,54,37.17,-99.65,53.64,11.52
278,Codrington,0,AU,1575498792,50,-28.95,153.24,84.2,4.7
279,Mar del Plata,93,AR,1575498914,37,-46.43,-67.52,68.9,13.47
280,Khvoynaya,100,RU,1575498915,93,58.9,34.53,35.44,8.7
281,Kathu,92,ZA,1575498916,70,-27.7,23.05,68.52,18.16
282,Verkhnevilyuysk,100,RU,1575498917,99,63.45,120.31,-17.61,3.29
283,Tarko-Sale,99,RU,1575498918,94,64.92,77.78,7.61,11.63
284,Aloleng,71,PH,1575498920,77,16.13,119.78,79.68,7.78
285,Roald,75,NO,1575498921,81,62.58,6.12,44.6,26.4
286,Kuragino,81,RU,1575498922,95,53.89,92.68,12.2,3.0
287,Panlaitan,100,PH,1575498923,80,12.12,119.85,81.63,7.99
288,Yeppoon,20,AU,1575498924,62,-23.13,150.74,84.2,2.24
289,Rabat,90,MA,1575498737,87,34.02,-6.83,57.0,8.05
290,Benghazi,0,LY,1575498926,52,32.12,20.07,66.92,15.88
291,Pacific Grove,90,US,1575498697,93,36.62,-121.92,60.01,3.36
292,Kavieng,50,PG,1575498928,68,-2.57,150.8,83.43,3.89
293,Parrsboro,40,CA,1575498929,80,45.41,-64.33,33.8,4.7
294,Ketchikan,1,US,1575498931,80,55.34,-131.65,39.2,8.05
295,Vardo,90,US,1575498811,56,39.62,-77.74,45.0,12.75
296,Ulladulla,1,AU,1575498933,22,-35.36,150.48,78.8,28.86
297,Lichuan,100,CN,1575498935,94,30.3,108.94,38.03,2.21
298,Slupsk,88,PL,1575498936,91,54.46,17.03,38.35,11.52
299,Tuy Hoa,98,VN,1575498937,76,13.08,109.3,72.68,33.8
300,Lorengau,30,PG,1575498939,69,-2.02,147.27,83.52,3.8
301,Marzuq,16,YE,1575498940,42,14.4,46.47,54.37,2.06
302,Havre-Saint-Pierre,90,CA,1575498941,79,50.23,-63.6,26.6,3.36
303,Okhotsk,0,RU,1575498769,62,59.36,143.24,-13.72,26.22
304,Hirara,75,JP,1575498943,77,24.8,125.28,66.2,14.99
305,Jardim,49,BR,1575498945,67,-21.48,-56.15,81.05,4.74
306,Narsaq,83,GL,1575498804,39,60.91,-46.05,12.2,6.93
307,Beloha,72,MG,1575498947,83,-25.17,45.06,70.92,7.92
308,Gizo,40,IL,1575498948,77,31.8,34.94,59.0,4.7
309,Kidal,25,ML,1575498949,18,18.44,1.41,63.43,1.54
310,Pitimbu,83,BR,1575498951,78,-7.47,-34.81,78.8,6.93
311,Constitucion,5,MX,1575498952,7,23.99,-104.67,78.8,2.24
312,Iralaya,40,HN,1575498953,74,15.0,-83.23,84.2,9.17
313,Cabo San Lucas,20,MX,1575498887,78,22.89,-109.91,78.8,4.7
314,Saldanha,88,PT,1575498809,80,41.42,-6.55,39.15,4.61
315,Turayf,0,SA,1575498957,93,31.68,38.65,42.8,4.7
316,Ugoofaaru,100,MV,1575498958,82,5.67,73.0,80.62,26.35
317,Kodiak,1,US,1575498758,46,39.95,-94.76,53.6,4.7
318,Kurilsk,81,RU,1575498960,88,45.23,147.88,26.42,35.54
319,Bocas del Toro,13,PA,1575498961,75,9.33,-82.25,81.57,10.89
320,Pouebo,80,NC,1575498962,39,-20.4,164.57,88.16,2.64
321,Illapel,0,CL,1575498963,56,-31.63,-71.17,51.24,2.24
322,Dalbandin,0,PK,1575498964,35,28.9,64.41,54.59,2.55
323,Egvekinot,59,RU,1575498966,95,66.32,-179.17,-0.96,9.22
324,Flinders,0,AU,1575498967,22,-34.58,150.85,78.8,28.86
325,Palmerston,20,AU,1575498968,74,-12.49,130.99,88.0,4.03
326,Mezotur,90,HU,1575498969,100,47.0,20.63,30.99,2.24
327,Quatre Cocos,20,MU,1575498970,88,-20.21,57.76,75.2,5.82
328,Vanimo,79,PG,1575498838,77,-2.67,141.3,82.6,3.27
329,Vestmannaeyjar,100,IS,1575498972,58,63.44,-20.27,39.81,38.07
330,San Andres,67,PH,1575498974,87,13.32,122.68,79.63,3.96
331,Nago,0,IT,1575498975,63,45.88,10.89,37.99,4.7
332,Punta Alta,75,AR,1575498976,100,-27.46,-55.82,75.2,3.36
333,Kudahuvadhoo,100,MV,1575498977,78,2.67,72.89,81.57,11.12
334,Crailsheim,0,DE,1575498978,92,49.14,10.07,30.99,5.82
335,Los Llanos de Aridane,75,ES,1575498979,68,28.66,-17.92,66.99,4.7
336,Bumba,16,CD,1575498981,87,2.18,22.47,70.83,2.46
337,Port Hedland,4,AU,1575498982,88,-20.31,118.58,82.4,8.05
338,Whitianga,0,NZ,1575498983,64,-36.83,175.7,81.0,3.0
339,Maldonado,75,UY,1575498984,82,-34.91,-54.96,66.2,8.05
340,Mitu,87,IR,1575498985,97,36.2,46.09,35.29,5.61
341,Mollendo,69,PE,1575498987,83,-17.03,-72.02,62.82,4.79
342,Abha,13,SA,1575498988,87,18.22,42.5,59.0,4.7
343,Rumonge,99,BI,1575498989,84,-3.97,29.44,66.45,1.88
344,Touros,20,BR,1575498773,74,-5.2,-35.46,78.8,9.17
345,Namatanai,37,PG,1575498992,71,-3.66,152.44,84.18,2.95
346,Waiouru,50,NZ,1575498993,57,-39.48,175.67,65.21,13.15
347,Newcastle,0,AU,1575498785,28,-32.93,151.78,79.0,11.41
348,Vila Velha,20,BR,1575498902,69,-3.71,-38.6,82.4,8.05
349,Ochtrup,0,DE,1575498996,92,52.21,7.19,34.0,1.12
350,Anadyr,75,RU,1575498997,78,64.73,177.51,15.8,31.32
351,Ilhabela,35,BR,1575498998,89,-23.78,-45.36,73.81,13.89
352,Pitsunda,40,GE,1575498999,74,43.16,40.34,35.6,13.42
353,Kendari,99,ID,1575499001,70,-3.99,122.52,84.16,4.0
354,Buraydah,0,SA,1575499003,71,26.33,43.97,57.2,12.75
355,Oriximina,7,BR,1575499004,63,-1.77,-55.87,84.22,5.08
356,Tabou,99,CI,1575499005,92,4.42,-7.36,77.41,3.04
357,Harbin,63,CN,1575498909,69,45.77,126.62,3.99,6.71
358,Tenno,0,IT,1575499007,63,45.92,10.83,37.99,4.7
359,Itarema,20,BR,1575499008,77,-2.92,-39.92,78.28,9.35
360,Huejuquilla el Alto,0,MX,1575499009,41,22.63,-103.9,67.93,2.04
361,Piacabucu,58,BR,1575499010,81,-10.41,-36.43,77.94,7.96
362,Port-Gentil,40,GA,1575499011,88,-0.72,8.78,80.6,5.82
363,Margate,75,AU,1575498789,44,-43.03,147.26,59.0,19.46
364,Eldorado,85,BR,1575499014,97,-24.52,-48.11,68.99,1.83
365,Walvis Bay,52,NA,1575499016,72,-22.95,14.51,64.99,4.7
366,Kushiro,20,JP,1575499017,62,43.11,144.15,21.2,6.93
367,Burgos,90,ES,1575498788,86,42.34,-3.7,41.0,9.17
368,Coruripe,59,BR,1575499019,82,-10.12,-36.18,78.8,11.54
369,Praxedis Guerrero,75,MX,1575499020,47,31.37,-106.02,60.01,6.93
370,Ati,0,TD,1575499021,15,13.21,18.34,72.9,8.12
371,Coos Bay,1,US,1575498953,81,43.37,-124.22,53.01,4.7
372,Tessalit,47,ML,1575498789,25,20.2,1.01,66.96,9.06
373,Khor,100,RU,1575499024,89,47.88,134.96,-3.12,11.39
374,Alekseyevka,75,RU,1575499025,85,53.25,50.49,19.4,8.95
375,Shenjiamen,52,CN,1575499026,59,29.96,122.3,55.87,17.16
376,Berdigestyakh,100,RU,1575499029,98,62.1,126.7,-21.37,3.15
377,Severo-Kurilsk,67,RU,1575499030,84,50.68,156.12,22.51,4.52
378,Tura,74,RU,1575499031,90,64.27,100.22,-9.45,4.9
379,Lagoa,39,PT,1575499032,81,37.14,-8.45,48.99,4.7
380,Bambous Virieux,20,MU,1575499033,88,-20.34,57.76,75.2,5.82
381,Swan Hill,0,AU,1575499034,41,-35.34,143.56,69.8,13.09
382,Marathon,90,CA,1575499035,72,48.72,-86.38,17.6,14.99
383,Cockburn Town,3,TC,1575498880,75,21.46,-71.14,80.04,9.13
384,Grindavik,75,IS,1575499038,69,63.84,-22.43,33.8,32.21
385,Longyearbyen,75,NO,1575499039,68,78.22,15.63,28.4,25.28
386,Ostrovnoy,100,RU,1575499040,86,68.05,39.51,17.56,11.65
387,Jalu,100,LY,1575499041,46,29.03,21.55,60.8,6.91
388,Shimoda,17,JP,1575499042,98,34.7,138.93,39.0,1.99
389,Luena,100,AO,1575499043,96,-11.78,19.91,64.31,3.15
390,Masuda,75,JP,1575499044,80,34.68,131.85,39.99,9.17
391,Kalmunai,78,LK,1575499045,80,7.42,81.82,82.06,16.53
392,Kajaani,72,FI,1575499046,93,64.22,27.73,35.6,8.05
393,Rocha,83,UY,1575499047,85,-34.48,-54.34,57.85,2.04
394,Kangaatsiaq,52,GL,1575499049,75,68.31,-53.46,13.19,17.16
395,Mahibadhoo,100,MV,1575499051,79,3.78,72.97,80.26,13.56
396,Chumikan,0,RU,1575499052,68,54.72,135.31,-7.04,16.84
397,Yarim,0,YE,1575499053,57,14.3,44.38,47.3,5.28
398,Sarh,23,TD,1575499054,88,9.14,18.39,68.0,3.31
399,Bubaque,9,GW,1575499055,62,11.28,-15.83,84.33,14.58
400,Miles City,1,US,1575499056,37,46.41,-105.84,51.8,14.99
401,Kununurra,100,AU,1575499057,69,-15.77,128.74,82.4,3.36
402,Siguiri,0,GN,1575499058,18,11.42,-9.17,73.76,3.89
403,Sao Filipe,94,CV,1575499059,83,14.9,-24.5,69.67,20.04
404,Borovoy,90,RU,1575499060,97,63.23,52.89,11.44,3.8
405,Sandwick,72,GB,1575499062,93,54.57,-2.89,46.99,19.46
406,Aklavik,75,CA,1575499063,76,68.22,-135.01,-11.2,5.82
407,Coquimbo,0,CL,1575499064,72,-29.95,-71.34,60.8,12.75
408,Madang,27,CN,1575499065,51,35.32,102.79,17.2,6.22
409,Kamariotissa,20,GR,1575499066,70,40.48,25.47,46.4,10.29
410,Goure,31,NE,1575499067,16,13.98,10.27,67.6,8.66
411,Energetik,100,RU,1575499068,95,51.74,58.8,20.39,9.48
412,Carbonia,99,IT,1575499069,87,39.17,8.53,59.0,17.22
413,Thohoyandou,100,ZA,1575499070,86,-22.97,30.46,58.12,6.89
414,Bowen,75,AU,1575499071,74,-20.01,148.25,82.4,9.17
415,Araouane,32,ML,1575499072,32,18.9,-3.53,67.41,6.13
416,Mantua,50,IT,1575498912,78,45.16,10.79,37.99,4.7
417,San Carlos de Bariloche,35,AR,1575499076,28,-41.13,-71.31,69.8,23.04
418,Ambon,90,FR,1575498957,100,47.55,-2.56,35.01,6.93
419,Les Ponts-de-Ce,0,FR,1575499078,92,47.42,-0.52,35.01,2.24
420,Mut,50,TR,1575499079,77,36.64,33.44,50.2,4.83
421,Kattivakkam,75,IN,1575499079,78,13.22,80.32,80.01,17.13
422,Hanko,97,FI,1575499082,99,59.83,22.95,39.99,5.99
423,Saint-Georges,84,CA,1575498800,95,46.12,-70.67,21.24,3.18
424,Neuquen,50,AR,1575499084,15,-38.95,-68.06,78.8,8.05
425,Zhigansk,100,RU,1575499085,95,66.77,123.37,-29.29,3.94
426,Assiniboia,0,CA,1575499086,90,49.63,-105.99,28.71,4.92
427,Ilulissat,40,GL,1575499087,72,69.22,-51.1,12.2,16.11
428,Saint-Joseph,82,FR,1575499088,81,43.56,6.97,55.0,4.7
429,Garowe,100,SO,1575498871,46,8.41,48.48,71.08,3.22
430,Zemio,25,CF,1575499090,72,5.02,25.13,68.13,2.13
431,Necochea,83,AR,1575499091,91,-38.55,-58.74,53.01,11.01
432,Talnakh,75,RU,1575499093,84,69.49,88.39,1.4,15.66
433,Moosomin,94,CA,1575499094,92,50.14,-101.67,24.57,4.54
434,Saint-Francois,25,FR,1575499095,92,46.42,3.91,28.4,2.24
435,Chiredzi,100,ZW,1575499096,85,-21.05,31.67,64.69,9.8
436,Palmer,40,AU,1575499097,72,-34.85,139.16,66.0,9.17
437,Lithakia,40,GR,1575499098,87,37.72,20.83,53.6,17.96
438,Lhokseumawe,98,ID,1575499099,93,5.18,97.15,70.03,2.33
439,Capanema,75,BR,1575499100,88,-25.67,-53.8,78.8,4.7
440,Gimli,70,CA,1575499101,95,50.63,-96.99,24.51,3.4
441,Port Augusta,0,AU,1575499102,52,-32.49,137.76,69.8,8.79
442,Menongue,100,AO,1575499103,97,-14.66,17.68,63.5,5.53
443,Coahuayana,0,MX,1575499105,58,18.62,-100.35,77.65,0.56
444,Arnprior,90,CA,1575499141,97,45.44,-76.36,32.0,3.36
445,Victor Harbor,40,AU,1575499142,72,-35.55,138.62,68.0,9.17
446,Bouna,100,CI,1575499143,21,9.27,-3.0,78.53,2.53
447,Nshamba,75,TZ,1575499144,88,-1.8,31.55,68.0,1.66
448,Rio Bananal,100,BR,1575499145,92,-19.26,-40.34,69.94,2.57
449,Nova Vicosa,99,BR,1575499138,88,-17.89,-39.37,75.83,9.62
450,Yilan,0,CN,1575499005,62,43.11,129.52,-0.98,14.12
451,Bagdarin,37,RU,1575499149,57,54.44,113.59,-16.82,1.5
452,Tazmalt,20,DZ,1575499150,76,36.39,4.4,53.6,8.05
453,Karlstad,83,SE,1575499151,93,59.38,13.5,41.0,13.87
454,Barahona,40,DO,1575499152,78,18.21,-71.1,82.4,6.93
455,Alice Springs,0,AU,1575499153,12,-23.7,133.88,75.2,10.65
456,Urbano Santos,95,BR,1575499154,82,-3.2,-43.39,76.37,5.57
457,Areosa,0,PT,1575499155,87,41.72,-8.86,48.99,6.93
458,Fuyu,0,CN,1575499156,83,47.79,124.46,-12.21,6.04
459,Gamba,4,CN,1575499158,16,28.28,88.52,12.94,0.49
460,Meulaboh,88,ID,1575499159,79,4.14,96.13,80.56,7.72
461,Vangaindrano,0,MG,1575499160,88,-23.35,47.6,70.95,2.8
462,Chapais,90,CA,1575499161,92,49.78,-74.86,23.0,3.36
463,Faya,0,SA,1575499162,87,18.39,42.45,59.0,4.7
464,Hervey Bay,19,AU,1575499163,73,-25.3,152.85,77.0,4.7
465,Blagoyevo,85,RU,1575499165,98,63.37,47.92,3.94,2.26
466,Kisangani,29,CD,1575499166,98,0.52,25.21,67.71,2.1
467,Natal,20,BR,1575499167,74,-5.81,-35.21,80.6,9.17
468,Muros,17,ES,1575499168,80,42.77,-9.06,50.0,4.7
469,Oksbol,0,DK,1575499169,87,55.63,8.29,46.99,10.29
470,Singleton,0,AU,1575499170,28,-32.57,151.17,75.99,11.41
471,Artesia,1,US,1575499172,54,32.84,-104.4,54.0,9.17
472,San Policarpo,70,PH,1575499173,81,12.18,125.51,82.47,5.28
473,Bull Savanna,22,JM,1575499100,93,17.89,-77.59,70.72,2.59
474,Panama City,1,US,1575499175,51,30.16,-85.65,64.4,13.87
475,Maniitsoq,92,GL,1575499176,76,65.42,-52.9,15.96,18.34
476,Thinadhoo,72,MV,1575499177,80,0.53,72.93,81.84,10.22
477,Sakaiminato,75,JP,1575499178,57,35.55,133.23,48.2,11.41
478,Gualaquiza,40,EC,1575499179,97,-3.4,-78.58,64.92,1.48
479,Bundaberg,3,AU,1575499180,73,-24.87,152.35,77.0,4.7
480,Sao Joao da Barra,75,BR,1575499181,78,-21.64,-41.05,75.2,18.34
481,Nome,1,US,1575499182,40,30.04,-94.42,71.6,3.36
482,Abu Samrah,61,SY,1575499184,73,35.3,37.18,55.53,8.7
483,Soligalich,98,RU,1575499185,97,59.08,42.29,25.03,3.83
484,Eseka,62,CM,1575499186,94,3.65,10.77,70.7,3.76
485,Awbari,47,LY,1575499187,21,26.59,12.77,62.92,3.33
486,Ucluelet,75,CA,1575499018,87,48.94,-125.55,48.0,4.7
487,Victoria,75,BN,1575498920,94,5.28,115.24,77.0,9.98
488,Leh,0,IN,1575499190,27,34.16,77.58,-2.92,2.24
489,Northam,21,AU,1575499191,33,-31.65,116.67,75.2,5.82
490,Phalaborwa,100,ZA,1575499192,77,-23.95,31.14,60.8,13.87
491,Adre,0,TD,1575499194,20,13.47,22.2,62.55,10.02
492,Juneau,90,US,1575499195,93,58.3,-134.42,35.01,6.93
493,Porto Novo,75,BR,1575499196,83,-23.68,-45.44,73.4,11.41
494,Rabo de Peixe,20,PT,1575499197,67,37.8,-25.58,57.2,4.7
495,Sorsk,47,RU,1575499198,99,54.0,90.25,11.73,3.62
496,Karratha,0,AU,1575499199,67,-20.74,116.85,84.13,7.09
497,Pimentel,50,BR,1575499200,91,-3.7,-45.5,76.24,4.27
498,Puerto del Rosario,40,ES,1575499201,88,28.5,-13.86,66.2,3.36
499,Kizema,81,RU,1575499202,97,61.11,44.83,16.38,2.48
500,Anloga,20,GH,1575499054,79,5.79,0.9,84.2,9.17
501,Hovd,75,NO,1575499204,100,63.83,10.7,45.0,5.82
502,Ayan,100,IR,1575499206,88,38.23,44.7,28.96,1.28
503,Carmo do Cajuru,100,BR,1575499207,96,-20.18,-44.77,67.5,6.82
504,Avera,1,US,1575499208,35,33.19,-82.53,60.8,10.29
505,Samaipata,48,BO,1575499209,96,-18.18,-63.88,62.78,1.86
506,Farmington,90,US,1575499210,65,36.73,-108.21,46.4,6.93
507,Bam,0,IR,1575499211,62,29.11,58.36,51.4,2.8
508,Tautira,40,PF,1575499212,66,-17.73,-149.15,87.8,17.22
509,Vaitape,68,PF,1575499213,72,-16.52,-151.75,82.96,9.53
510,Kahului,40,US,1575499181,61,20.89,-156.47,80.6,18.34
511,Xai-Xai,99,MZ,1575499215,69,-25.04,33.64,67.93,9.95
512,Moron,30,HT,1575499216,78,18.56,-74.26,79.57,6.31
513,Uberlandia,100,BR,1575499218,93,-18.92,-48.28,70.39,9.62
514,Katherine,10,AU,1575499219,66,-14.47,132.26,86.0,8.05
515,Nacogdoches,1,US,1575499220,34,31.6,-94.66,68.0,3.36
516,Bayevo,62,RU,1575499221,82,53.27,80.77,15.8,7.18
517,Arman,100,RU,1575499222,68,59.7,150.17,7.68,23.8
518,San Quintin,98,PH,1575499223,90,17.54,120.52,74.64,5.03
519,Andapa,97,MG,1575499224,98,-14.66,49.65,61.75,2.17
520,Methala,20,IN,1575499225,88,10.22,76.22,78.8,2.24
521,San Isidro,40,CR,1575499226,69,10.02,-84.06,77.0,14.99
522,Amahai,71,ID,1575499227,93,-3.31,129.0,84.0,4.63
523,Chagoda,100,RU,1575499228,95,59.16,35.33,35.1,8.68
524,Hobyo,96,SO,1575499230,78,5.35,48.53,77.22,7.9
525,Najran,8,SA,1575499231,47,17.54,44.22,59.0,1.45
526,Druzhba,100,UA,1575499233,93,52.05,33.94,32.85,15.99
527,Abu Dhabi,20,AE,1575498942,88,24.47,54.37,71.6,8.46
528,Kenai,90,US,1575499235,78,60.55,-151.26,19.99,6.26
529,Panshi,0,CN,1575499236,89,42.94,126.05,-10.39,2.62
530,Sambava,95,MG,1575499237,97,-14.27,50.17,69.35,3.04
531,Broome,0,GB,1575499238,90,52.47,1.45,35.01,4.7
532,Solwezi,69,ZM,1575499240,95,-12.18,26.4,60.06,2.15
533,Maningrida,66,AU,1575499241,30,-12.05,134.23,97.48,1.86
534,Ixtapa,5,MX,1575499242,69,20.71,-105.21,82.4,11.41
535,Rudnogorsk,98,RU,1575499243,93,57.27,103.75,11.7,8.81
536,Naryan-Mar,92,RU,1575499244,96,67.67,53.09,9.93,5.99
537,Salamiyah,8,SY,1575499245,74,35.01,37.05,53.67,9.75
538,Srandakan,84,ID,1575499246,73,-7.94,110.25,79.3,0.74
539,Rio Cuarto,0,AR,1575499247,33,-33.13,-64.35,71.6,9.17
540,Sosnovo-Ozerskoye,26,RU,1575499249,95,52.53,111.54,-14.06,6.69
541,Laharpur,0,IN,1575499250,58,27.71,80.9,56.3,2.68
542,Safford,1,US,1575499251,40,32.83,-109.71,69.8,4.7
543,Hambantota,75,LK,1575499252,100,6.12,81.12,75.2,8.05
544,Xam Nua,0,LA,1575499253,74,20.42,104.04,41.88,2.46
545,Plettenberg Bay,0,ZA,1575499254,73,-34.05,23.37,57.38,6.76
546,Moroni,75,GR,1575499255,72,35.09,24.92,60.8,11.41
547,Malatya,75,TR,1575499256,53,38.35,38.32,35.6,2.24
548,Mayo,40,CA,1575499257,76,63.59,-135.9,-4.0,3.36
549,Comodoro Rivadavia,98,AR,1575499258,56,-45.87,-67.48,71.6,4.7
550,Kirando,100,TZ,1575499259,76,-7.37,30.62,73.42,9.24
551,Kyzyl-Suu,47,KG,1575499261,52,42.34,78.0,31.66,6.67
552,Borogontsy,62,RU,1575499262,96,62.67,131.17,-35.28,5.48
553,Hirado,75,JP,1575499263,53,33.32,129.49,51.8,12.75
554,Busovaca,47,BA,1575499264,100,44.1,17.88,24.8,2.24
555,Takoradi,3,GH,1575499265,84,4.89,-1.75,80.92,9.69
556,Nuuk,75,GL,1575499266,67,64.17,-51.74,17.6,13.87
557,Dunmore Town,93,BS,1575499267,62,25.5,-76.65,71.31,13.82
558,Hualmay,17,PE,1575499268,82,-11.1,-77.61,65.28,4.56
559,Chenzhou,5,CN,1575499269,66,25.81,113.03,43.48,1.25
560,Podgornoye,94,RU,1575499270,96,57.79,82.64,8.73,6.02
561,Havelock,1,US,1575499079,37,34.88,-76.9,55.4,10.29
562,Caohai,100,CN,1575499272,98,26.87,104.28,26.69,3.24
563,Kurkent,100,RU,1575499274,89,41.71,48.11,20.39,2.46
564,Petropavlovsk-Kamchatskiy,40,RU,1575499275,85,53.05,158.65,10.4,8.95
565,Pangnirtung,40,CA,1575499230,70,66.15,-65.72,-2.2,3.36
566,Nizhniy Odes,100,RU,1575499277,96,63.64,54.86,13.15,4.54
567,Zheleznodorozhnyy,75,RU,1575499278,95,55.75,38.0,32.0,8.95
568,Oparino,91,RU,1575499279,97,59.85,48.28,13.77,3.06
569,Mineros,40,BO,1575499280,70,-17.12,-63.23,84.2,17.22
570,Aasiaat,52,GL,1575499281,73,68.71,-52.87,1.98,13.69
571,Kizukuri,75,JP,1575499282,85,40.81,140.39,24.8,19.46
572,Ciudad Bolivar,37,VE,1575499283,72,8.12,-63.55,80.22,10.38
573,Urubicha,44,BO,1575499285,55,-15.63,-63.08,83.44,4.18
574,Shingu,24,JP,1575499286,60,33.72,135.99,51.35,16.2
575,Juegang,0,CN,1575499287,56,32.31,121.18,46.99,5.21
576,Poronaysk,33,RU,1575499288,65,49.22,143.1,18.52,18.3
577,Luganville,40,VU,1575499289,66,-15.51,167.18,86.0,5.82
578,Upernavik,100,GL,1575499290,84,72.79,-56.15,12.06,15.1
579,Clonmel,64,IE,1575499291,85,52.35,-7.7,42.01,5.77
580,Inirida,100,CO,1575499292,96,3.87,-67.92,75.78,2.57
581,Mudgee,13,AU,1575499293,30,-32.6,149.59,71.6,8.05
582,Adrar,0,DZ,1575499294,40,27.87,-0.29,57.2,9.17
583,La Rioja,56,AR,1575499296,49,-29.41,-66.86,60.73,4.79
584,Benxi,0,CN,1575499297,31,41.29,123.76,3.2,6.71
585,Kaspiyskiy,0,RU,1575499298,76,45.39,47.37,28.24,9.82
586,Osoyoos,90,CA,1575499299,96,49.03,-119.47,37.4,5.82
587,Mayumba,100,GA,1575499300,82,-3.44,10.65,80.46,10.02
588,Dolores,67,UY,1575499301,39,-33.53,-58.22,66.33,11.01
589,Kalmar,20,SE,1575499302,93,56.66,16.36,41.0,9.17
590,Phirangipuram,73,IN,1575499303,85,16.29,80.26,67.95,3.78
591,Leningradskiy,100,RU,1575499305,84,69.38,178.42,18.23,16.15
